# Region type : patch heatedWall
# Faces         : 16200
# Area          : 1.50000000e-02
# Scale factor  : 1.00000000e+00
# Time          	areaAverage(T)
100             	7.72687873e+01
200             	7.37618905e+01
300             	7.23048700e+01
400             	7.23901704e+01
500             	7.24287085e+01
600             	7.24325180e+01
700             	7.24211307e+01
800             	7.24176964e+01
900             	7.24166258e+01
1000            	7.24149899e+01
1100            	7.24167639e+01
1200            	7.24139902e+01
1300            	7.24157471e+01
1400            	7.24156323e+01
1500            	7.24136864e+01
1600            	7.24161872e+01
1700            	7.24161571e+01
1800            	7.24153448e+01
1900            	7.24163093e+01
2000            	7.24154065e+01
2100            	7.24147149e+01
2200            	7.24133343e+01
2300            	7.24161200e+01
2400            	7.24167790e+01
2500            	7.24137568e+01
2600            	7.24168744e+01
2700            	7.24167324e+01
2800            	7.24146387e+01
2900            	7.24163518e+01
3000            	7.24147858e+01
3100            	7.24144404e+01
3200            	7.24137406e+01
3300            	7.24133358e+01
3400            	7.24160427e+01
3500            	7.24164611e+01
3600            	7.24158999e+01
3700            	7.24151095e+01
3800            	7.24158807e+01
3900            	7.24141479e+01
4000            	7.24135840e+01
4100            	7.24137229e+01
4200            	7.24160250e+01
4300            	7.24151887e+01
4400            	7.24140941e+01
4500            	7.24147587e+01
4600            	7.24150428e+01
4700            	7.24148561e+01
4800            	7.24122419e+01
4900            	7.24165401e+01
5000            	7.24133698e+01
5100            	7.24142274e+01
5200            	7.24154430e+01
5300            	7.24165275e+01
5400            	7.24167114e+01
5500            	7.24150348e+01
5600            	7.24170138e+01
5700            	7.24176472e+01
5800            	7.24136583e+01
5900            	7.24164662e+01
6000            	7.24156064e+01
