# Region type : patch outlet
# Faces         : 1620
# Area          : 5.00000000e-04
# Scale factor  : 1.00000000e+00
# Time          	areaAverage(T)
100             	5.64407642e+01
200             	5.71087499e+01
300             	5.47553166e+01
400             	5.45074908e+01
500             	5.48623598e+01
600             	5.49134334e+01
700             	5.50373851e+01
800             	5.50187426e+01
900             	5.49463702e+01
1000            	5.49575233e+01
1100            	5.49234203e+01
1200            	5.48452909e+01
1300            	5.49257674e+01
1400            	5.50726823e+01
1500            	5.49594678e+01
1600            	5.50194791e+01
1700            	5.49222940e+01
1800            	5.50213991e+01
1900            	5.49290228e+01
2000            	5.49712794e+01
2100            	5.50088855e+01
2200            	5.49508001e+01
2300            	5.49869081e+01
2400            	5.49291979e+01
2500            	5.49498524e+01
2600            	5.49795753e+01
2700            	5.49302931e+01
2800            	5.49684874e+01
2900            	5.49344015e+01
3000            	5.49605209e+01
3100            	5.49946213e+01
3200            	5.49432571e+01
3300            	5.49001902e+01
3400            	5.48898106e+01
3500            	5.50306531e+01
3600            	5.49779984e+01
3700            	5.49790169e+01
3800            	5.49738649e+01
3900            	5.49565311e+01
4000            	5.48823888e+01
4100            	5.50089268e+01
4200            	5.49135840e+01
4300            	5.49741402e+01
4400            	5.49411535e+01
4500            	5.48970905e+01
4600            	5.49028743e+01
4700            	5.49619294e+01
4800            	5.50201114e+01
4900            	5.49907540e+01
5000            	5.49913139e+01
5100            	5.49435947e+01
5200            	5.49335839e+01
5300            	5.49971480e+01
5400            	5.50374670e+01
5500            	5.49919198e+01
5600            	5.49307412e+01
5700            	5.50101073e+01
5800            	5.49860347e+01
5900            	5.49495054e+01
6000            	5.50080344e+01
